100
4 2
5 2
6 2
1000 1000
1000 1
651344 617230
999999 499999
500000 500000
500000 127
270778 234387
500000 262143
1000000 475713
999999 524288
1000000 499999
1000000 1000000
921930 860228
500000 128
999999 1
460622 439559
640520 617756
284840 265198
3 2
888146 794438
999999 292699
500000 131072
593520 469954
1000000 521328
1000000 262143
392496 338760
500000 1
721050 613214
999999 499998
1000000 500000
267141 204582
999999 999998
285083 280176
1000000 499998
515209 442795
3 1
500000 131071
500000 2
1 1
999999 2
280489 217257
2 2
474562 432188
999999 524287
724156 572597
283086 273957
335497 334491
1000000 524287
677028 620142
736556 710474
2 1
1000000 999999
623397 512521
500000 249999
500000 237856
500000 499999
1000000 286372
457001 440946
919884 848882
992480 923328
500000 215185
677934 625022
999999 506795
493318 373314
470230 426763
500000 249998
500000 247128
5 1
656286 523287
359801 340224
783088 733425
999999 262144
1000000 524288
999999 475712
999999 499997
999999 999999
999999 128
380573 310509
832948 821970
999999 127
999999 475711
881781 797516
1000000 475712
1000000 262144
469962 434365
301663 237646
1000000 128
500000 237857
308199 243003
999999 262143
367862 328715
500000 262144
4 1
1000000 127
500000 250000
1000000 1
1000000 2
