100
4 2
5 2
6 2
1000 1000
1000 1
500 117
500 250
999 1
797 720
371 350
500 94
446 397
999 998
945 909
500 256
681 599
1000 511
891 673
860 784
1000 128
2 2
1000 255
500 499
595 456
5 1
1000 500
840 639
1000 256
790 650
770 639
500 1
999 512
500 244
587 451
323 256
999 256
999 497
999 999
1000 510
622 534
3 2
999 487
2 1
999 255
999 499
892 704
1 1
577 509
1000 2
550 432
730 554
4 1
1000 283
374 373
999 290
999 498
957 788
745 612
807 732
999 488
500 255
500 127
391 295
999 511
720 701
500 249
1000 999
1000 488
1000 512
1000 489
500 220
711 553
834 664
999 127
465 411
524 404
999 128
500 128
3 1
988 809
500 500
500 2
500 116
679 516
999 503
788 660
999 2
890 854
270 262
766 627
500 245
362 312
500 248
1000 498
297 275
364 318
1000 127
1000 499
900 816
763 580
