99
2525 1
2400 5
300 2
120 60
60 90
404316376 1
344830537 6019
1000000000 2
999000000 10000
998000000 10000
524685210 1
111115284 372
423147245 1
178665179 1469
200096673 1
46068161 8907
892106343 1
838952581 4630
243861971 1
114506724 9903
943144207 1
263850946 188
310275710 1
74150592 861
587900945 2
420576775 9312
257013765 6085
151894284 1
99417084 1480
106068472 1
89298275 8892
818753248 1
167229953 5544
200000 2
5001 1
5000 3
62476879 1
56107836 1219
900198451 1
492030027 2624
562136024 1
297499320 4409
514318418 1
39758899 5575
633988488 1
4570102 3948
757002556 1
140137423 6201
755160007 1
636520511 3974
770483654 1
515141478 9751
1000000000 1
1 10000
489902365 1
310654092 7592
1000000000 2
999999998 2
999999997 3
670172189 1
206232177 3569
1000000000 2
12345675 3
12345676 2
448964180 1
24069170 9518
534939089 1
80661065 2476
1000000000 2
100 10000
200 10000
183269339 1
168831699 4039
194394942 1
164968565 969
283386512 1
52020575 8506
1000000000 2
1 3
2 2
2 1
1 1
710647570 1
381315433 8906
750250284 1
187101679 3815
240137702 1
195623946 2233
776390350 1
53305026 8984
1000000000 2
998000000 1
999000000 1
398256878 1
268534457 481
953108046 1
508408338 9508
1000000000 1
1 1
981417631 1
846686317 1584
89359320 1
85461119 2203
208583926 1
37181765 8097
73693982 1
65340273 5827
503372724 1
361181006 4033
835369818 1
206300909 7374
593815880 1
303575881 2156
621514388 1
80961810 2219
614980504 1
34955456 9240
905879692 1
732048950 5931
1000000000 2
999999999 2
999999998 3
688905695 1
242653625 2954
910159624 1
111087390 6295
345959300 1
289309606 2691
289135915 1
167210938 9156
140085303 1
49411530 5456
829087989 1
617838755 4156
118012734 1
3146627 4929
273374548 1
71846494 8389
215742840 1
40944614 9047
563076499 1
352594809 1532
77264699 1
62604483 2644
286893289 1
83813676 3067
660856741 1
56860596 3720
791803619 1
582866689 1498
658828886 1
165286085 5163
979127090 1
1799612 786
334621795 2
225108442 6294
108370591 4647
1000000000 1
999999999 10000
1000000000 2
999999997 2
999999996 3
958671661 1
363724622 9653
128318826 1
24381823 2832
490626538 1
196373118 6540
494462358 1
373687675 3453
105554462 1
7700552 9459
1329366 1
487697 9096
629499856 1
276607699 793
501858152 1
50343246 4555
205049794 1
8879686 7584
49808252 1
18697977 5546
977391965 1
528962253 2501
964381265 1
770081868 2586
2 1
1 10000
20169757 1
18281995 3199
624205178 1
518144064 9619
462643896 1
353222048 8707
972304356 1
823496525 1554
929957682 1
154876992 5417
194988367 1
106005102 8262
356996895 1
317483316 5071
857749990 1
587291448 8573
782793696 1
44482320 9853
1000000000 1
999999999 1
417552467 1
175727128 1402
